  2.0000000e+000  1.9397887e+000  3.2686678e+000  3.4210227e+000  3.3885641e+000  2.0808241e+000  2.8305354e+000  4.1272463e+000  1.6577116e+000  1.4664208e+000  2.4686537e+000
  2.0000000e+000  4.2882151e+000  5.2735793e-001  2.3974469e+000  3.3431398e+000  4.0532387e+000  2.9204510e+000  2.4590291e+000  3.0770460e+000  2.3422962e+000  2.8350144e+000
  1.0000000e+000  3.0186911e+000  1.8176935e+000  3.8863000e+000  2.5515746e+000  4.5418095e+000  3.9304133e+000  2.1066605e+000  4.7425744e+000  2.8960094e+000  1.8954417e+000
  2.0000000e+000  3.2984150e+000  3.4388384e+000  4.2519797e+000  3.1478127e+000  4.4663790e+000  3.4088018e+000  4.9981262e+000  3.4285481e+000  1.9246111e+000  2.3245813e+000
  2.0000000e+000  2.5392890e+000  1.9516486e+000  3.4954883e+000  3.4874354e+000  4.6775949e+000  3.6455611e+000  4.2856669e+000  3.8542299e+000  4.8403303e+000  3.1305686e+000
  2.0000000e+000  3.3992965e+000  4.6922794e+000  1.2724226e+000  3.5624998e+000  2.2284171e+000  1.1919755e+000  2.4044190e+000  3.5136481e+000  2.8598607e+000  3.4852347e+000
  2.0000000e+000  2.7306627e+000  2.2443246e+000  3.7476281e+000  4.3134479e+000  3.3212190e+000  3.3369110e+000  2.0218793e+000  2.6201111e+000  3.1012246e+000  3.4024847e+000
  2.0000000e+000  2.3959110e+000  2.6584467e+000  2.9805065e+000  2.9968639e+000  3.5245212e+000  1.0681121e+000  3.7796483e+000  2.5919339e-001  2.7522795e+000  1.5328094e+000
  2.0000000e+000  3.4529427e+000  3.8108630e+000  9.9310679e-001  3.2284982e+000  3.9587460e+000  1.8817920e+000  3.4832864e+000  4.3166731e+000  2.5848792e+000  1.1400264e+000
  2.0000000e+000  3.2907773e+000  1.6172500e+000  1.6310019e+000  1.0426666e+000  3.1620736e+000  2.2719066e+000  3.7891328e+000  2.5254400e+000  3.5907810e+000  4.2328653e+000
  2.0000000e+000  3.0607910e+000  2.8230705e+000  1.2752380e+000  3.6692747e+000  2.9565668e+000  2.4770324e+000  2.3290387e+000  2.9744002e+000  7.9849616e-001  2.3866378e+000
  2.0000000e+000  4.4982219e+000  2.7602663e+000  2.6472602e+000  2.9255450e+000  3.5032504e+000  4.1056018e+000  3.4075468e+000  5.3112458e+000  2.5958364e+000  2.0604987e+000
  2.0000000e+000  4.5195141e+000 -2.4691604e-001  1.7017979e+000  1.6622160e+000  4.4451505e+000  3.4970594e+000  2.0330873e+000  3.2363327e+000  3.5957152e+000  1.5025712e+000
  1.0000000e+000  3.3041793e+000  3.3458016e+000  2.8761252e+000  3.1888115e+000  3.6991570e+000  2.0581861e+000  2.7408571e+000  3.5200123e+000  2.9814073e+000  2.2693123e+000
  2.0000000e+000  3.2647946e+000  2.1633439e+000  4.3519468e+000  3.8615636e+000  4.0407403e+000  3.1142969e+000  2.7066983e+000  3.6551803e+000  1.9722180e+000  5.0224152e+000
  2.0000000e+000  4.9077042e+000  2.9181202e+000  3.8052430e+000  3.6734997e+000  4.3421868e+000  4.5310826e+000  2.8254249e+000  3.3068467e+000  2.9412074e+000  2.6095208e+000
  2.0000000e+000  2.9333217e+000  1.3379589e+000  5.2168430e+000  4.0747538e+000  1.6918697e+000  4.6268909e+000  3.8169421e+000  3.9573820e+000  3.4321459e+000  4.9571377e+000
  2.0000000e+000  3.9587466e+000  3.2625622e+000  2.4909415e+000  1.3769709e+000  4.0708477e+000  1.2428538e+000  3.0708183e+000  3.6876413e+000  2.2606168e+000  4.3254653e+000
  2.0000000e+000  2.4821688e+000  3.7759488e+000  3.7340957e-001  3.1706900e+000  2.5730632e+000  2.0581672e+000  3.1229550e+000  3.7290555e+000  4.0343963e+000  1.9856646e+000
  2.0000000e+000  5.5018892e+000  2.6896434e+000  3.8431642e+000  3.8119436e+000  2.7728720e+000  2.7256179e+000  3.5684339e+000  1.9529129e+000  1.5923960e+000  3.7115791e+000
  2.0000000e+000  4.4321486e+000  2.2906414e+000  1.7949614e+000  2.6870497e+000  2.1553135e+000  5.2409324e+000  4.2217882e+000  4.1775382e+000  3.7337798e+000  2.1063725e+000
  2.0000000e+000  2.8417609e+000  1.5708123e+000  2.6576300e+000  5.9891180e+000  3.0801412e+000  1.9327600e+000  3.8703483e+000  1.8974209e+000  4.5304177e+000  3.3397850e+000
  2.0000000e+000  2.9086027e+000  2.7856011e+000  2.3152396e+000  2.9116601e+000  3.2709951e+000  3.6283858e+000  3.5136531e+000  2.1631275e+000  2.1463830e+000  2.9325890e+000
  2.0000000e+000  4.0542735e+000  2.2195047e+000  3.3116119e+000  3.3836138e+000  2.9548247e+000  3.2849871e+000  3.7366444e+000  1.4471845e+000  2.7040948e+000  3.9029898e+000
  2.0000000e+000  3.7473139e+000  3.0831384e+000  9.6898338e-001  2.2915450e+000  3.5794267e+000  2.0912697e+000  3.3981473e+000  3.5161636e+000  3.8535231e+000  2.0831340e+000
  2.0000000e+000  2.5377814e+000  3.2823687e+000  3.5134252e+000  2.7017304e+000  2.3545045e+000  2.4249134e+000  3.1998925e+000  1.1824828e+000  2.6766125e+000  1.9685203e+000
  2.0000000e+000  2.0175177e+000  2.6968352e+000  5.0224244e+000  2.2037279e+000  2.1987842e+000  1.9604238e+000  4.0201717e+000  4.3452375e+000  2.0765338e+000  3.2219130e+000
  2.0000000e+000  2.0456627e+000  3.0252542e+000  2.8919455e+000  3.2245407e+000  1.2506601e+000  2.0175333e+000  3.6148420e+000  2.8274847e+000  2.3944583e+000  3.8912749e+000
  2.0000000e+000  1.2324302e+000  1.7641021e+000  1.4169275e+000  3.4707064e+000  2.3366850e+000  3.3229484e+000  2.4999238e+000  3.0235208e+000  3.2591608e+000  2.7967019e+000
  2.0000000e+000  2.9707441e+000  2.3105724e+000  1.6862289e+000  4.4301223e+000  2.5210741e+000  1.3319731e+000  3.1623008e+000  2.0666828e+000  3.0714361e+000  3.1084942e+000
  2.0000000e+000  3.1255694e+000  1.8812561e+000  4.1814693e+000  3.1326373e+000  2.8952528e+000  4.0212292e+000  4.1937100e+000  1.0775952e+000  2.9412743e+000  2.5734806e+000
  1.0000000e+000  3.1198918e+000  2.8016000e+000  3.0947600e+000  1.6603482e+000  3.9130279e+000  3.0670942e+000  3.0085809e+000  2.4875635e+000  2.2262737e+000  3.2829436e+000
  1.0000000e+000  3.7045466e+000  2.9581160e+000  2.6521129e+000  2.5373615e+000  2.7841261e+000  3.3222393e+000  3.7018657e+000  3.5862361e+000  4.1584120e+000  3.0369281e+000
  2.0000000e+000  1.3735576e+000  3.0390660e+000  3.8001326e+000  3.2370686e+000  3.1412628e+000  3.5356074e+000  3.2314469e+000  2.5917122e+000  3.4807863e+000  2.9526034e+000
  2.0000000e+000  2.9329920e+000  4.9798941e+000  6.9878605e-001  2.9290848e+000  8.9900891e-002  4.3095697e+000  1.8129677e+000  2.1657313e+000  4.5049800e-001  3.2251516e+000
  2.0000000e+000  3.9144330e+000  2.6835574e+000  3.7954739e+000  1.4454801e+000  4.0430434e+000  2.5152189e+000  3.1867508e+000  2.4650289e+000  1.3125822e+000  2.4143992e+000
  2.0000000e+000  2.8710140e+000  2.6024658e+000  2.8657863e+000  6.8661039e-001  2.4598527e+000  3.8399229e+000  2.3713787e+000  3.5824316e+000  3.8010111e+000  3.4493357e+000
  2.0000000e+000  2.0655448e+000  4.0157146e+000  1.8547611e+000  2.2059903e+000  1.7591952e+000  3.6896580e+000  4.0466538e+000  2.4010575e+000  1.3022281e+000  3.0940397e+000
  2.0000000e+000  1.4633252e+000  1.7692613e+000  3.0387552e+000  3.6970255e+000  3.0178910e+000  3.7290473e+000  3.2257214e+000  2.6410923e+000  1.4360446e+000  2.2879265e+000
  1.0000000e+000  3.0936204e+000  4.8602062e+000  3.6821761e+000  2.7846937e+000  2.4311275e+000  1.8814285e+000  2.5997630e+000  3.5152242e+000  5.4271823e-001  2.5090202e+000
  1.0000000e+000  3.2045901e+000  3.6924434e+000  3.2402742e+000  3.0113551e+000  4.2835673e+000  3.7308078e+000  3.0803376e+000  1.9345179e+000  3.0990671e+000  3.9249823e+000
  2.0000000e+000  2.3356278e+000  2.6063992e+000  9.1870353e-001  3.8565025e+000  3.8382340e+000  2.9769929e+000  5.0343635e+000  2.8021144e+000  4.0005733e+000  3.8755942e+000
  1.0000000e+000  3.0988914e+000  3.7990503e+000  3.4868617e+000  3.0398760e+000  2.0585935e+000  4.9604207e+000  4.4182217e+000  2.7999067e+000  3.4672313e+000  4.0688073e+000
  2.0000000e+000  1.9702322e+000  2.4367008e+000  1.4867502e+000  3.4181769e+000  3.5928542e+000  1.5238237e+000  2.4295720e+000  2.9040589e+000  2.2294301e+000  3.0285389e+000
  1.0000000e+000  3.4317720e+000 -7.4301944e-001  3.3978282e+000  2.2276925e+000  4.1178791e+000  2.8344700e+000  1.9571139e+000  3.1531288e+000  2.3355319e+000  4.5359398e+000
  1.0000000e+000  3.1142401e+000  4.5944545e+000  3.3823622e+000  2.6354833e+000  3.8793906e+000  1.1995156e+000  3.1705986e+000  2.6801818e+000  2.5807899e+000  2.5141338e+000
  2.0000000e+000  6.8656293e-001  1.9215816e+000  5.0015229e+000  2.8465895e+000  2.9207478e+000  2.2284771e+000  3.7401024e+000  2.7535592e+000  3.6963144e+000  3.1655302e+000
  2.0000000e+000  3.9676518e+000  2.7827551e+000  2.7241094e+000  3.4646056e+000  2.3764638e+000  3.4873503e+000  2.3199539e+000  2.2562833e+000  3.0049198e+000  3.0971083e+000
  2.0000000e+000  1.8302997e+000  1.7246600e+000  2.5031294e+000  2.4315514e+000  2.6045734e+000  1.8803537e+000  2.7717559e+000  3.0737495e+000  2.3194142e+000  2.4675637e+000
  2.0000000e+000  2.9873567e+000  2.8595612e+000  4.1099261e+000  3.4462216e+000  4.0973257e+000  3.7653980e+000  2.9448417e+000  3.8167492e+000  3.1460816e+000  5.7560728e+000
  2.0000000e+000  2.0898324e+000  3.3239311e+000  3.2270249e+000  1.6407590e+000  9.5111172e-001  2.8424827e+000  2.8724300e+000  8.3925200e-001  1.5922796e+000  2.6549481e+000
  2.0000000e+000  3.9138124e+000  2.9102168e+000  3.6636581e+000  2.7417826e+000  4.2053352e+000  4.6747582e+000  2.8183739e+000  3.1435348e+000  3.9026100e+000  1.6405937e+000
  1.0000000e+000  3.7457108e+000  1.8756398e+000  3.1957762e+000  3.3451215e+000  2.8106972e+000  2.7249480e+000  3.5037584e+000  6.7811557e-001  1.3583592e+000  2.7856521e+000
  2.0000000e+000  2.7508483e+000  2.5574161e+000  2.0865611e+000  2.7567977e-001  2.0669018e+000  3.6591348e+000  2.3334890e+000  1.6096103e+000  3.8148277e+000  2.6906666e+000
  2.0000000e+000  2.9808978e+000  3.6818524e+000  3.0149401e+000  1.8587397e+000  3.1838970e+000  2.9963670e+000  3.2846564e+000  1.8141230e+000  4.6558510e-001  1.4123779e+000
  2.0000000e+000  2.4806727e+000  2.5985518e+000  4.0062599e-001  3.7068462e+000  3.1259119e+000  2.7390337e+000  3.8941860e+000  3.2313432e+000  2.0256846e+000  4.4727647e+000
  2.0000000e+000  3.9293195e+000  4.8856615e+000  4.4305820e+000  1.8478577e+000  2.4786995e+000  3.0914823e+000  3.0537035e+000  3.4174435e+000  4.4614934e+000  2.0766239e+000
  2.0000000e+000  2.3982779e+000  4.0862548e+000  3.3900749e+000  4.2989513e+000  2.2914758e+000  4.1960128e+000  4.4927021e+000  3.5444263e+000  1.8066605e+000  3.2236224e+000
  1.0000000e+000  3.6729252e+000  3.3409046e+000  2.4511785e+000  4.1743588e+000  3.3379042e+000  2.0429835e+000  4.6834685e+000  3.6601964e+000  3.9590952e+000  4.6225119e+000
  2.0000000e+000  1.2445813e+000  2.4156143e+000  2.9638473e+000  5.2903106e+000  3.7963297e+000  3.4943381e+000  3.7936286e+000  4.7703689e+000  4.2705431e+000  2.8459370e+000
  2.0000000e+000  5.4313420e+000  3.0764092e+000  2.7076135e+000  3.4776051e+000  2.3971984e+000  3.8381234e+000  1.6267066e+000  3.7600506e+000  4.2226425e+000  2.0322268e+000
  2.0000000e+000  2.2304924e+000  5.0500067e+000  3.7246370e+000  2.2193249e+000  3.6610195e+000  2.9233117e+000  3.1227292e+000  2.8574301e+000  3.0072520e+000  1.1895982e+000
  1.0000000e+000  3.2033556e+000  2.8318336e+000  3.5143318e+000  2.1645543e+000  3.1140613e+000  3.2012773e+000  3.8573906e+000  1.3027170e+000  3.9788055e+000  1.4037800e+000
  1.0000000e+000  3.2139062e+000  3.6694713e+000  3.6017786e+000  2.2077055e+000  2.8338281e+000  2.8894864e+000  2.9513812e+000  3.3532521e+000  2.3868058e+000  2.9025636e+000
  2.0000000e+000  2.6131417e+000  3.0867329e+000  2.9811178e+000  1.6106269e+000  2.4988978e+000  2.3147945e+000  4.3366620e+000  4.2945179e+000  3.5462592e+000  3.3437866e+000
  2.0000000e+000  3.5657154e+000  3.6084361e+000  2.1571744e+000  2.6485744e+000  3.2914437e+000  2.3823846e+000  2.4781586e+000  5.3064529e+000  3.8535338e+000  3.5835369e+000
  2.0000000e+000  2.3852528e+000  3.0897118e+000  5.0809356e+000  3.4003087e+000  4.4905827e+000  2.8915527e+000  3.0948694e+000  2.2572971e+000  1.4349416e+000  4.4599301e+000
  2.0000000e+000  4.6616587e+000  3.0451221e+000  2.7523953e+000  3.4509466e+000  3.3154600e+000  2.8226438e+000  2.0489090e+000  2.9746944e+000  2.7059685e+000  3.1610556e+000
  2.0000000e+000  2.9106165e+000  3.8953408e+000  3.0603023e+000  2.6298004e+000  1.1721111e+000  2.7076815e+000  3.7389379e+000  2.0995722e+000  3.6233964e+000  3.3287845e+000
  2.0000000e+000  3.1879710e+000  1.8645415e+000  3.1161335e+000  1.6048039e+000  5.1866785e+000  3.2230633e+000  2.9239145e+000  4.3515923e+000  3.0526361e+000  2.3507089e+000
  2.0000000e+000  3.4857820e-001  2.3653002e+000  3.2960480e+000  2.8617763e+000  5.1328023e+000  2.6141146e+000  4.5245384e+000  1.2941373e+000  2.7473300e+000  3.0135294e+000
  2.0000000e+000  3.2450612e+000  4.0633696e+000  9.4562745e-001  2.7304688e+000  2.9809390e+000  4.3419545e+000  2.0125252e+000  4.1196583e+000  2.8108597e+000  1.4915305e+000
  2.0000000e+000  2.8080384e+000  3.7868244e+000  3.1543169e+000  2.8629750e+000  1.2198963e+000  3.7633000e+000  2.8314423e+000  4.5534191e+000  2.3149518e+000  2.1935391e+000
  2.0000000e+000  2.2990054e+000  1.8528914e+000  3.0771934e+000  3.9148818e+000  3.4388388e+000  3.3911501e+000  2.1051589e+000  2.9201453e+000  4.6006713e+000  2.2338529e+000
  2.0000000e+000  2.9094762e+000  3.2823448e+000  3.0686630e+000  2.4032261e+000  3.4043814e+000  1.9977058e+000  2.5538092e+000  3.7040571e+000  2.4330093e+000  1.5639163e+000
  2.0000000e+000  4.1220826e+000  2.1004013e+000  3.6287682e+000  5.8506470e+000  3.6162466e+000  2.9759227e+000  1.9764360e+000  4.0735859e+000  2.8973704e+000  3.5858001e+000
  1.0000000e+000  3.5767897e+000  3.5333887e+000  3.5300359e+000  3.8690141e+000  2.3973268e+000  3.3628139e+000  1.9168605e+000  2.4182212e+000  3.7838376e+000  3.0940438e+000
  1.0000000e+000  3.1798147e+000  3.6953577e+000  2.3332134e+000  1.8932014e+000  3.9233794e+000  2.9223953e+000  2.8831478e+000  2.8617010e+000  2.2101741e+000  2.7601392e+000
  2.0000000e+000  2.7212980e+000  2.1400654e+000  2.7351084e+000  3.3694623e+000  1.3057309e+000  3.2915914e+000  5.5690242e+000  7.5600691e-001  1.8197426e+000  3.1222601e+000
  1.0000000e+000  3.5771849e+000  2.3820657e+000  3.7999407e+000  2.5900172e+000  3.2847540e+000  1.8613457e+000  1.1496310e+000  5.1597175e+000  1.8349282e+000  2.2192695e+000
  2.0000000e+000  1.2523302e+000  3.2966821e+000  2.8526980e+000  4.4328369e+000  5.0319598e+000  2.5023134e+000  2.8405753e+000  5.7413713e+000  3.9108602e+000  3.3069624e+000
  2.0000000e+000  4.1705237e+000  3.7371588e+000  3.6538713e+000  2.0691325e+000  3.8835110e+000  1.6106220e+000  2.7499237e+000  3.0076514e+000  3.1691472e+000  3.7777446e+000
  2.0000000e+000  2.6731808e+000  3.9483300e+000  3.0970352e+000  3.9689355e+000  2.7595235e+000  1.6602433e+000  3.6709003e+000  3.8586585e+000  1.7332268e+000  3.3731172e+000
  1.0000000e+000  3.3921938e+000  2.9781459e+000  2.3891703e+000  3.9229171e+000  3.5120516e+000  3.8566149e+000  3.2576165e+000  2.2951676e+000  3.7138714e+000  2.2378729e+000
  2.0000000e+000  2.7678156e+000  4.1166766e+000  2.4252094e+000  2.9560587e+000  2.9351387e+000  2.2232745e+000  2.8942794e+000  2.2415610e+000  3.0575596e+000  3.6391695e+000
  2.0000000e+000  2.8599440e+000  2.5976310e+000  3.0746414e+000  3.2290572e+000  1.0003048e+000  2.6028421e+000  2.4888638e+000  1.6158877e+000  3.4154895e+000  3.4333038e+000
  2.0000000e+000  3.7155320e+000  1.8710615e+000  4.0461164e+000  4.7288829e+000  3.4560509e+000  1.7139004e+000 -3.2198160e-001  2.1659417e+000  2.3846463e+000  4.9176990e+000
  2.0000000e+000  2.0024942e+000  2.3213639e+000  3.1241320e+000  9.8896994e-001  3.1922344e+000  2.1721174e+000  4.1240025e+000  2.1154120e+000  2.2570216e+000  1.0099896e+000
  2.0000000e+000  3.0563139e+000  2.2921946e+000  4.0888785e+000  3.9163171e+000  3.2611589e+000  2.8939014e+000  1.1016265e+000  3.3564184e+000  2.8652250e+000  2.6805972e+000
  2.0000000e+000  3.4586388e+000  2.6145998e+000  4.9617395e+000  3.5720275e+000  3.6416911e+000  1.9556750e+000  2.6629881e+000  1.9336357e+000  3.1738387e+000  2.4162116e+000
  2.0000000e+000  4.8655219e+000  1.6963559e+000  3.5102037e+000  2.8770720e+000  3.5199787e+000  2.8666859e+000  2.3322574e+000  3.3941180e+000  2.4944894e+000  2.6813513e+000
  2.0000000e+000  2.7220065e+000  3.4416017e+000  2.9350613e+000  2.2453076e+000  4.3642177e+000  4.0220504e+000  2.0086616e+000  9.6635800e-001  2.6657551e+000  1.6493117e+000
  2.0000000e+000  2.9573688e+000  4.8661908e+000  1.3062194e+000  3.4322551e+000  3.5248214e+000  1.4087215e+000  3.4523822e+000  2.7302319e+000  3.7388991e+000  2.8243125e+000
  2.0000000e+000  4.4885771e+000  1.9820421e+000  2.3874679e+000  1.9016814e+000  2.2363706e+000  2.8972220e+000  2.4888133e+000  4.7419807e+000  2.1844268e+000  3.4231016e+000
  2.0000000e+000  7.4129007e-001  3.2759526e+000  3.5381670e-001  3.8051248e+000  3.6630443e+000  2.1738122e+000  1.9592291e+000  3.1098060e+000  2.8004652e+000  2.6935188e+000
  2.0000000e+000  2.9055512e+000  2.8127415e+000  3.9644623e+000  3.0431846e+000  1.5520370e+000  2.4857358e+000  4.3303722e-001  1.6231612e+000  2.6481046e+000  2.0642537e+000
  2.0000000e+000  2.2630730e+000  1.5619864e+000  3.8329063e+000  3.1768630e+000  3.6495766e+000  4.4415817e+000  2.1699845e+000  3.5384824e+000  4.9057831e+000  3.4227976e+000
  2.0000000e+000  3.5165443e+000  3.3687387e+000  4.0720279e+000  3.4559446e+000  2.4439111e+000  4.3494658e+000  3.9853660e+000  2.0268573e+000  2.7708201e+000  2.0461095e+000
  2.0000000e+000  2.8024575e+000  3.4887276e+000  4.2890225e+000  3.6488151e+000  3.8997177e+000  4.1770605e+000  4.2150146e+000  3.4513105e+000  2.3272386e+000  4.7556457e+000
  2.0000000e+000  2.7302535e+000  3.8711664e+000  2.6682443e+000  6.0881586e-001  4.9513702e+000  3.5280705e+000  5.2226604e-001  2.8832676e+000  1.7874453e+000  3.4142248e+000
